AAPALASSL	400.7293	674.2	2	608.46	28.81
DGVAVLKV	400.7478	635.2	2	3474.53	27.01
AAAPASGEM	402.6829	257.2	2	235.51	10.36
GEVGATSAL	402.7104	399.2	2	1154.21	16.81
VAKVEPAV	406.7477	286.2	2	5095.17	11.59
AAIAAVNAL	407.2454	724.4	2	1946.54	31.14
SAAFPGASL	410.7157	923.2	2	12981.83	39.69
RVQVWFQNR	411.5623	865.2	3	4031.75	37.06
RVQVWFKNR	411.5623	865.2	3	4031.75	37.06
QVRVWFQNR	411.5623	869.4	3	4031.75	37.06
DAIAVHVV	412.237	563.2	2	1594.18	24.06
RMFGGPGTASRPSSSR	413.4617	456.4	4	3778.16	19.44
GLAAGGIVAV	414.2549	871.4	2	8026.45	37.63
AKVTVPTI	414.7464	1212.2	2	1271.5	52
NAVTITPL	414.7464	1196.2	2	1271.5	52
MSVPPPAM	415.2315	414.3	2	360.9	17.46
GTKQQEIVVSR	415.5721	218.2	3	2037.48	8.77
GKRKCVIVVKD	415.5721	221.3	3	2037.48	8.77
TAAPTGTTI	416.7252	380.3	2	8174.07	16.02
SSPQAGSSL	417.2051	219.2	2	304.4	8.6
DAFPVGEV	417.2094	945.3	2	1618.6	40.13
DGGFVLKV	417.742	957.2	2	1905.22	41.44
SVFAGVVGV	417.7422	1178.3	2	877.43	50.96
DAPIVAHL	418.24	648.4	2	23868.66	27.71
REANQAINPKL	418.5713	414.4	3	661.4	17.5
AAVDAGMAM	418.6862	643.3	2	25156.07	27.18
STYGGGLSV	420.7115	656.6	2	21423.94	27.84
KELEEELQHL	423.2266	803.2	3	677.87	34.53
AATAVTQAL	423.2409	477.5	2	899.51	20.14
DGWPAMGI	423.6971	1506.2	2	3724.74	64.67
GELGGTVTL	423.7344	774.4	2	2361.93	33.34
SAAQPGVAF	424.22	676.5	2	1799.47	29.07
DAILATLM	424.2354	1374.2	2	2308.34	59.42
ATANTEEI	424.7311	423.3	2	1147.19	17.85
LLGPPPVGV	424.7672	1054.2	2	933.35	45.41
RELEEISERL	425.2333	759.4	3	7440.7	32.34
RELEELSERL	425.2333	759.4	3	7440.7	32.34
SVKEISDIVQR	425.243	589.5	3	2503.8	24.9
ALAAALAHI	425.7626	854.4	2	596.18	36.89
GEGGSFGEL	426.6929	771.5	2	1558.2	33.03
GEFGGFGSV	428.6969	1149.2	2	3462.88	49.67
ASGPPVSEL	428.7265	647.4	2	974.17	27.76
IEVDPDTKEML	430.5519	954.4	3	2292	40.92
DALVLAKM	430.7498	823.5	2	10902.14	35.49
MSDPMAPI	431.2042	599.3	2	2974.12	25.51
KEYEEDGARSI	432.8787	329.4	3	242.58	13.7
MSPTGNEM	433.672	414.7	2	1788.96	17.5
VTVPPGPSL	433.756	866.4	2	17503.95	37.02
EAPTAPAPL	433.756	854.5	2	17503.95	37.02
LLIPGLATA	434.781	1360.2	2	1743.98	58.27
VAPVTGNDV	436.2304	346.6	2	497.26	14.58
DAHLGSSSV	436.7089	191.3	2	919.2	7.76
DASPSPLSV	436.7236	681.4	2	1019.05	29.25
AEEPAGTSL	437.7116	379.5	2	595.41	15.89
DANVSGTLV	438.2426	517.6	2	1506.67	21.64
SVPLAATSM	438.7305	715.6	2	7702.54	30.18
AESGSVITL	438.7384	731.7	2	1248.01	31.14
DACSGILTV	439.721	969.3	2	3020.31	41.58
DAMGMNMI	441.6828	1130.3	2	3099.17	48.94
KEVDEDFDSKL	442.218	670.3	3	849.86	28.58
VVKPPGSSL	442.2675	468.4	2	2858.42	19.66
SIPILASAL	442.7791	1413.2	2	2533.99	61.09
VAWVGQQV	443.7459	898.5	2	1791.36	38.73
AVANIVNSV	443.7562	653.6	2	812.4	27.89
INDTLKAL	444.2445	361.8	2	2776.12	14.97
SAPVAAEPF	444.7335	815.3	2	1579.3	34.88
AESLVAEGL	444.7335	809.8	2	1579.3	34.88
VVTVPSSSL	444.7571	675.8	2	26093.77	29.12
GIDSSSPEV	445.7112	402.6	2	1869.38	16.81
VADCGNGRV	445.7112	392.5	2	1869.38	16.81
DPYSGKLI	446.7433	693.9	2	4851.87	29.82
DAANFRTV	447.2266	431.7	2	10370.51	17.77
DAAYLNKV	447.2408	461.6	2	35826.35	19.39
DALKFTSI	447.7531	954.6	2	8354.82	41.4
VSFVGSVSI	447.7531	970.3	2	8354.82	41.4
SAAMVFSAL	448.7335	1419.2	2	2642.11	60.78
VAVPTLNAL	449.2699	1212.3	2	1815.6	52.64
IAIGSQPVL	449.277	948.3	2	5608.65	40.79
LASLANPVL	449.277	951.4	2	5608.65	40.79
RENLEEEAIIM	449.5621	1149.5	3	457.91	49.54
LLDVPTAAV	449.7685	1040.3	2	16311.72	44.5
ALADGVQKV	450.7607	323.6	2	38046.05	13.57
AITTAILTV	451.7606	1155.6	2	32485.44	50.45
DAARFPII	451.7606	1180.2	2	32485.44	50.45
DAASLLLSL	451.7606	1164.5	2	32485.44	50.45
LLPPPPCPA	452.7542	950.4	2	10936.44	40.61
SESVASSQL	454.221	320.5	2	950.12	13.39
SAIASTKVM	454.2483	358.4	2	701.01	14.93
GLAATLYSL	454.7619	1424.2	2	252.51	61.3
DAAYMNKV	456.2196	407.3	2	255651.1	16.81
SATPVPTAAP	456.2196	457.1	2	255651.1	16.81
VPPLATNTV	456.2639	635.8	2	1521.84	26.92
DAAVPTNII	457.2553	877.4	2	361.99	37.76
GLLGTLVQL	457.2921	1800.2	2	3891.11	76.57
TAPQGNVDL	457.7382	442.7	2	2216.51	18.38
VSAAGLVQGL	457.772	1052.4	2	978.02	45.45
SAIPVSTQL	458.2637	765.8	2	743.41	32.73
KLLEGEESRISL	458.596	863.4	3	1223.96	37.11
MVDIVRAL	458.7326	431.9	2	547.45	18.25
VAPNTSTNL	458.741	348.8	2	2470.51	14.67
KGCVAPTAGL	458.741	357.4	2	2470.51	14.67
GLMGAGIAQV	458.7517	1013.3	2	985.09	43.81
SLQSTILGV	459.2711	1177.3	2	3077.84	50.88
MPPPPPQGV	460.2422	652.5	2	1302.44	27.89
MAMLIPLM	460.2716	2185.2	2	936.52	85.88
ALLAYTLGV	460.7794	1535.3	2	1117.37	65.82
YAAQASQAL	461.7356	433.6	2	4820.4	18.34
HLLPTETL	462.2421	1282.2	2	572.7	55.39
LSDLVYTL	462.2455	1080.3	2	193.29	46.7
DGWTPLHV	462.7363	1145.3	2	1240.25	49.33
SLYVTKTI	462.7578	1202.3	2	8576.36	52.04
FAFLTGVGL	462.7654	2129.2	2	673.13	84.61
ALSSLIHAL	462.7823	1187.5	2	436.81	51.22
GFSSVSVSR	463.2413	383.9	2	717.25	16.03
NALGVILQV	463.7903	1450.2	2	1160.74	62.35
GAPSAAGSAAAP	464.2159	242.2	2	773.32	9
VGIHGCAASL	464.2313	401.11	2	3804.45	17.07
NLLTSPPSV	464.2643	998.1	2	638.82	43.06
AIVDKVPSV	464.2821	644.11	2	9563.05	27.75
PSTVGLAGLL	464.2821	639.9	2	9563.05	27.75
DAFNTTFI	464.7278	1359.2	2	2118.95	58.78
IATILREI	464.7981	996.6	2	913.19	43.07
LSVEKIKI	465.2896	1232.4	2	16334.17	53.03
SLLDKIIGA	465.2896	1224.3	2	16334.17	53.03
SLIRISLK	465.2896	1236.3	2	16334.17	53.03
SLLRLSKL	465.2896	1236.3	2	16334.17	53.03
KEYQELMNVKL	465.5864	1154.4	3	5212.05	49.93
MAMAYGSSL	465.7098	948.6	2	601.44	40.88
GLLEIVTSV	465.781	1608.3	2	369.16	68.76
GLVPFLVSV	465.7887	2170.2	2	1420.26	85.7
REYQELMSVKL	465.919	1196.4	3	802.94	51.61
DAIITKASI	466.2783	576.7	2	3039.63	24.5
SLAESRTAP	466.2783	574.7	2	3039.63	24.5
DAYIPLQI	466.7606	1408.3	2	6130.78	60.32
RYMDAWNTVSR	466.8948	898.1	3	6799.45	38.81
SEEAVGGATL	467.2326	489.7	2	303.54	20.76
GEVADTTKL	467.247	290.11	2	241.53	11.94
DAFRVNVI	467.2643	1010.5	2	39378.85	43.2
DAVISTETV	467.7406	544.1	2	9737.02	22.95
GESAVGKSSL	467.7456	204.3	2	927.89	7.89
EAFGNAKTV	468.7428	342.3	2	2474.87	14.23
SAPIFTTSL	468.7566	1201.4	2	708.69	51.91
KYLQEEVNINR	469.2547	593.7	3	1083.15	25.29
AAPYGIESM	469.7207	943.5	2	3448.01	40.44
REYQDLLNVKM	470.2508	1176.5	3	8076.5	50.92
LLWAGPVNA	470.7693	1362.2	2	3254.75	58.91
LTPPVATEL	470.7764	993.4	2	1151.51	42.93
NAPLVNVTL	470.7794	1063.2	2	596.51	46.01
SFSTASAITPSVSR	470.916	797.8	3	452.3	34.22
DLSAVLPEV	471.7624	1214.2	2	3662.07	52
SESPIVVVL	471.7811	1286.4	2	21070.02	55.35
FTVPAPVVI	471.7811	1270.2	2	21070.02	55.35
DAYLMPSF	472.2185	1617.2	2	195.19	69.14
VADTVARVL	472.2832	608.7	2	4328.75	25.69
GEVPTIESL	472.7542	1071.4	2	273.69	46.31
VTNGVLVSR	472.7806	314.6	2	772.55	13.09
TLEIPGNSD	473.2305	540.8	2	963.16	23.04
SLLGGDVVSV	473.2701	1108.2	2	8751.73	47.99
DAPPPYSSI	473.7322	776.9	2	512.38	33.39
YAIGNAPEL	474.2483	1018.3	2	904.99	43.94
VVDVTKSTV	474.2739	300.5	2	1394.85	12.26
ALYVAVVNV	474.2832	1214.3	2	465.89	52.26
SLAEGSVTSV	475.2477	546.1	2	538.13	23.22
ADVVVFNSV	475.2477	549.8	2	538.13	23.22
EAYVQKLV	475.2747	650.8	2	6760.17	27.97
REYQELMNTKL	475.5832	931.3	3	3031.65	40.04
GELDFSGLL	475.7475	1755.2	2	2767.3	74.73
ALLALLPEL	476.8105	2347.2	2	376.65	89.83
SLYASSPGGVYATR	476.9125	804.1	3	1807.17	34.53
DAAELAQHV	477.2376	447.8	2	1206.17	18.91
LPVVVISNI	477.3076	1356.2	2	505.67	58.48
LGNLAQLLL	477.7581	900.7	2	3667.27	38.9
ALNPAALTAL	477.7883	1282.3	2	277.73	55.26
LEALVPVTI	477.8006	1476.3	2	399.17	63.3
TETEPPVAL	478.7529	766.1	2	3527.3	32.25
ALDSQVPKV	478.7765	569.13	2	1822.42	24.32
GLALKVQEV	478.7955	747.12	2	3386.43	31.9
SGMDLHKGI	479.1811	332.9	2	998.65	13.97
DGMTVVHSI	479.7388	671.1	2	1641.84	28.76
AEFVGVSHL	479.7554	835.7	2	1870.94	35.97
DALDVANKI	479.7666	657.9	2	4583.28	28.19
SMLIWLPV	479.8167	1875.2	2	250.7	78.91
IEQGGQGSAL	480.244	280.5	2	605.85	11.59
LEEQGSIAL	480.2584	731.1	2	3159.94	31.5
DALNIETAI	480.2587	1058.7	2	9589.16	45.88
TEVGEKIAL	480.2755	612.13	2	16126.49	26.04
MVVSDVVPGG	480.2755	614.8	2	16126.49	26.04
GLDETIAKL	480.2777	842.9	2	62750.63	36.4
AAPVFLTEL	480.7766	1652.3	2	1268.41	70.8
ATNILTATR	480.7772	427.11	2	4608.01	18.12
SAGASDARLL	480.7772	428.6	2	4608.01	18.12
DAALQMITV	481.2563	1208.3	2	669.32	52.13
AEAQAGTTTL	481.7438	302.8	2	570.49	12.52
AEEPTGVFL	481.7479	1180.3	2	10270.15	50.58
DLRPDSFL	481.7479	1189.4	2	10270.15	50.58
SLAACVLTSV	482.2683	1299.3	2	576.37	55.73
GLLEGLTYV	482.7737	1619.2	2	2403.72	69.44
GLLDAVTYL	482.7738	1757.2	2	762.47	74.73
GTYVSSVPR	483.2572	368.9	2	4595.23	15.55
ALATLIHQV	483.2943	829.9	2	6892.12	35.62
MANSATTASL	483.7457	1032.6	2	341.05	44.5
YANSKAVTL	483.7664	411.1	2	7898.69	17.5
FVWSGTAEA	484.2342	1062.3	2	424.56	45.92
PCLTSFNSV	484.2598	1112.3	2	556.23	47.99
DPYLLPHI	484.2686	1351.2	2	436.82	58.48
DFYPGAVTV	484.742	1210.5	2	9778.23	52
AEETGVHII	484.7574	604.13	2	842.42	25.69
AEEGPRRPG	484.7574	602.13	2	842.42	25.69
SLLDPVPEV	484.7704	1323.3	2	867.05	57.28
LPVPAFNVI	485.2949	1779.2	2	700.76	75.25
IAISRTPVL	485.3101	827.7	2	2527.82	35.45
LLWASPVNA	485.7337	1401.4	2	446.69	60.27
EAALQPQTL	485.7464	465.9	2	330.87	19.66
SILEDPPSI	485.7793	1106.4	2	1134.71	47.43
SLELDPPSL	485.7793	1106.4	2	1134.71	47.43
LESPTTPLL	485.7793	1090.4	2	1134.71	47.43
YQPPPRTL	486.2743	467.1	2	198.87	19.79
GEITGEVHM	486.7276	570.1	2	2199.2	24.28
ADSDPFSSF	486.7276	577.12	2	2199.2	24.28
GEVNVLDNL	486.7574	1079.3	2	725.5	46.7
LTGITNQLI	486.7784	633.1	2	497.7	26.96
FAVAPNQNL	487.2625	812.1	2	8953.39	34.71
VLWAGTPMV	487.2651	1617.3	2	295.14	69.14
VLAETLTQV	487.2842	872.6	2	1060.49	37.33
GEIESNVNL	487.7454	612.15	2	18100.88	26.17
YAASSYLSL	487.7484	1221.5	2	6.50E+04	52.26
AESISLLEL	487.7772	1570.3	2	869.16	67.31
SLSSDGVLTV	489.2638	908.13	2	7641.71	38.86
FAVTALDKL	489.2638	907.1	2	7641.71	38.86
ALDDMISTL	489.7496	1324.6	2	238.42	57.1
MQASVDSEL	490.2771	1258.5	2	384.3	54.11
GEDEPLHAL	490.7386	623.11	2	2702.86	26.79
DSYGGLRNV	490.7443	538.11	2	2199.04	22.95
LPAPIEKTI	491.3052	736.6	2	28691.74	31.54
AEEVGVEHL	491.7458	524.8	2	1335.01	22.16
TAMDVVYAL	491.7519	1388.2	2	9601.96	59.47
GLLSAMEYV	491.7525	1709.5	2	283.63	72.8
AEVLEAHTI	491.7654	579.11	2	766.8	24.67
ALISNSHQL	491.7706	475.11	2	4119.09	20.18
DQYKFLAV	492.2653	1159.5	2	2833.39	50.06
FLALLAGAHA	492.2897	1198.3	2	806.72	51.61
QLLALLAEL	492.2897	1194.3	2	806.72	51.61
GEEVDVHSL	492.7392	518.12	2	473.18	22.07
YADVGGKQF	492.7439	534.8	2	13278.69	22.6
ALMPVLNQV	492.7838	1286.6	2	3836.17	55.17
TAYFTINGV	493.2685	1332.7	2	1955.8	57.88
SPDGSALPEL	493.3086	1099.3	2	810.1	47.48
GGGGAGAGGAGAGAV	493.7815	678.9	2	3621.26	28.9
AEPILPYAL	493.7842	1582.3	2	346.35	67.77
NAVWALSNL	494.2685	1650.2	2	282.35	70.59
SLDQPTQTV	494.7454	457.14	2	5821.35	19.44
RSSLPSQTL	494.7454	448.11	2	5821.35	19.44
SEILDGNQL	494.7538	739.12	2	10324.59	31.63
TLMNLGGLAV	494.7825	1566.3	2	456.11	67.13
SLAPIIVYI	494.8091	1975.2	2	1068.76	81.23
AEEQANTNL	495.2311	224.8	2	1325.37	8.82
RTQLYEYLQNR	495.2651	889.9	3	863.12	38.33
GEAQVGKTSL	495.2663	275.6	2	659.31	11.2
DANPFLQSV	495.7469	1200.7	2	1291.61	52
GEITGEVRM	496.2499	577.14	2	5115.05	24.72
GELTGEVRM	496.2499	577.14	2	5115.05	24.72
MSLVTLNTL	496.2499	594.12	2	5115.05	24.72
SEVDINTTL	496.2591	745.11	2	652.38	31.98
MTFYLFGI	496.2687	1005.8	2	10661.84	43.2
ICEEASINL	496.271	643.9	2	4097.27	27.31
IAFLMINAV	496.2885	2089.2	2	301.6	83.76
SLMDSIPMV	496.7456	1609.2	2	1623.75	69.14
DAMSILETI	496.7553	1720.2	2	1261.88	73.27
AEDPLSITF	496.7564	1549.5	2	492.76	66.58
VANSAFVER	496.7626	366.12	2	1203.16	15.37
TEARFGAQL	496.7652	647.15	2	9611.19	27.62
GLVNYQISV	496.7766	1193.3	2	435.4	51.48
DANLQTSFV	497.7479	878.11	2	2914.6	37.94
DAPFVFAEV	497.7526	1714.3	2	866.44	73.27
DAYQTREI	498.2456	387.1	2	1163.89	16.33
AGGDWFTSR	498.7338	864.9	2	7379.15	36.89
LPNAVITRI	498.8174	899.1	2	5970.55	38.77
FSYTGRVAV	500.2699	812.13	2	1357.22	34.88
LAYIMNYI	500.767	1855.2	2	388.91	78.14
IEEEAAPEI	500.7705	609.6	2	1879.74	26.3
SENKLPAEL	500.7705	618.9	2	1879.74	26.3
DALRSILTI	501.3055	1384.4	2	23974.5	59.21
VFLPKDVAL	501.3078	1240.5	2	4773.64	53.76
VVPEWASCL	502.2539	1768.2	2	283.33	74.99
SEAEAAKNAL	502.258	274.7	2	1534.75	11.24
FIVDPVSNL	502.2792	1405.4	2	6324.27	60.44
AEQRGEMAL	502.7461	426.11	2	35966.28	18.07
AEEQSNTNL	503.2292	159.5	2	4312.83	6.43
DIVMTQSPD	503.2325	546.12	2	14872.57	23.13
GFGEISSPVI	503.2325	557.1	2	14872.57	23.13
NELVTLTCL	503.2715	1545.4	2	13810.61	65.73
GEYLDILAI	503.7782	1984.2	2	437.25	81.44
DAITCRDDV	504.2452	247.9	2	394.46	10.05
VSMPVFQSL	504.2694	1619.3	2	527.25	69.31
IMDITKSTV	504.2782	641.9	2	13765.99	27.49
DGYEQAARV	504.7426	366.13	2	13163.13	15.5
GELLMHPVL	504.7733	1242.3	2	298.48	53.76
SFEDAKEAL	505.2478	623.13	2	17851.94	26.52
DAYQVLSTL	505.2665	1352.4	2	3798.08	58.35
FAEGFVRAL	505.2784	1213.3	2	1329.57	52.47
SEAEIFTTL	505.7579	1332.8	2	1452.01	57.57
AELIVQPEL	506.2914	1223.7	2	1341.79	52.51
VEVPEAQQL	506.7737	758.12	2	720.49	32.6
ALNEKLVNL	507.3069	830.14	2	2275.84	35.62
ALNHAFIDL	507.3069	831.13	2	2275.84	35.62
IEALVRTVL	507.3244	1037.6	2	722.16	44.89
SIMLEPPEV	507.7642	1323.5	2	1344.57	57.06
SMTLAIHEI	507.7719	1054.5	2	743.28	45.53
TVIGRIGLVS	507.8169	1742.5	2	1987.78	74.25
GGNAAAMLPTI	508.2784	671.14	2	7934.82	28.59
SETIKVIIL	508.3261	1230.4	2	1179.34	53.12
DAFANFANF	508.7309	1737.4	2	602.29	73.95
PVRRFQTL	508.7677	798.11	2	472.75	34.27
VETRDGQVI	508.7724	313.1	2	1679.04	12.87
TAYGFMQSI	509.2428	1482.4	2	782.55	63.51
SMPDIDLNL	509.2428	1471.3	2	782.55	63.51
SMPDLDLNL	509.2428	1471.3	2	782.55	63.51
SMPEVDLNL	509.2428	1471.3	2	782.55	63.51
DAYALNHTL	509.2567	702.8	2	26379.91	30.31
LEEPGNFVL	509.2705	1418.3	2	930.33	61.08
METTYMEL	509.2802	1002.7	2	998.73	43.07
DALLQMITI	509.2883	2024.3	2	1346.63	82.35
MNLPTPMTL	509.2988	1587.2	2	567.5	67.69
VMDSKIVQV	509.785	624.15	2	12853.63	26.79
GEEIGAEMAL	510.2419	1045.6	2	515.09	45.15
MEAPAQLLF	510.268	1749.2	2	17695.57	74.61
GLDELFVQV	510.2781	1709.6	2	1080.73	72.89
ENKFQAAVL	510.2864	659.13	2	532.33	28.15
FESSPDPEL	510.7332	813.16	2	2282.2	35.15
SLAQYLINV	510.7926	1634.7	2	9.14E+03	70.03
LVLPHLESL	510.8479	1597.2	2	610.47	68.33
FLDGNELTL	511.2679	1369.2	2	13917.22	58.65
FLLWATAEA	511.274	1883.2	2	300.42	79.3
DAYVILKTV	511.3036	1036.5	2	2959.1	44.63
MKSILTESL	511.3036	1031.8	2	2959.1	44.63
GESVEFQNL	511.747	947.9	2	1975.75	40.92
MSPLSETEM	512.7489	896.1	2	2157.55	38.68
NLFAQTYGL	513.7706	1561.5	2	268.71	66.8
SLEGIPLAQV	513.7975	1278.5	2	1097.92	55.22
SEFKAMDSI	514.2436	847.14	2	3919.49	36.27
GEPLQAAASAL	514.2769	942.7	2	662.64	40.57
NEIGIGEPSL	514.7717	1040.7	2	5541.35	44.89
ALAEIAKAEL	514.8038	834.1	2	1258.85	36.01
GEIDASVPEL	515.2667	1054.6	2	2888.22	45.02
AEFPLDPQL	515.2703	1528.4	2	1002.64	64.97
EARPPMDTL	515.2703	1512.3	2	1002.64	64.97
YVTPVQPLL	515.3036	1319.4	2	2613.85	57.15
DAQTQIQNI	515.7623	531.14	2	2430.64	22.65
DGFLFRYI	515.7735	2035.3	2	1303	82.46
GQCQVLVQR	515.7789	405.9	2	756.35	16.85
VAEENTRVL	515.7813	366.14	2	2540.63	15.41
VLIEGSINSV	515.7886	905.11	2	1828.59	39.03
IEEVSENVL	516.2739	644.14	2	2135.85	27.22
EETGVRVEL	516.2739	637.12	2	2135.85	27.22
IESSDVIRL	516.2921	826.1	2	1795	35.49
GEVTEGLDVL	516.3018	1101.9	2	609.27	47.52
LSVCIPCTVP	516.3087	487.13	2	260.5	20.58
DAYVGYMTI	516.741	1403.5	2	2812	60.61
EINITKTTI	516.7853	767.12	2	949.84	32.99
ALPEIFTEL	516.7867	2080.2	2	977.47	83.7
SEDEPTRSL	517.2444	293.3	2	4460.93	12.12
GEETGIDVTL	517.259	921.7	2	3603.79	39.82
YELPDGQVI	517.2666	1397.2	2	3375.78	59.85
FEDGQKIVV	517.782	659.15	2	3304.85	28.28
DGYTIVVRI	518.2057	1209.9	2	966.36	52.26
SAQGSDVSLTA	518.2528	381.12	2	2725.14	15.98
AEDPLGAIHL	518.279	1302.5	2	4592.02	56.08
EADQAEFII	518.279	1309.7	2	4592.02	56.08
GEDTIRQAF	518.7574	622.14	2	2302.1	26.61
MFHCRMVL	518.7687	863.1	2	1988	37.37
TVHTPRRGL	518.7687	866.1	2	1988	37.37
GEFTDKVQI	518.7725	803.1	2	2703.21	34.49
GEVISYQQL	518.7727	960.11	2	1235.85	41.84
ALNELLQHV	518.7957	1030.1	2	2706.7	44.63
AEFEDLDSL	519.7377	1252.8	2	883.63	53.89
SENVLQVHL	519.78	952.11	2	2119.29	41.36
YLAVESPFL	519.7814	1772.5	2	828.22	75.33
SVTSRVYQV	519.7831	532.12	2	367.75	22.51
YLLPAIVHI	519.8251	1735.2	2	20587.52	73.45
SLLGFVYKL	520.3154	2011.3	2	340.81	81.95
AEIFETSML	520.7544	1510.6	2	309.48	64.54
YEFEGGVKL	521.271	1093.5	2	527.3	47.22
GEFDNAGAMM	521.7049	992.8	2	1650.82	42.89
DAFFSDTQI	522.2407	1323.6	2	389.7	57.02
GLADPSALTQA	522.2806	748.11	2	551.35	32.2
LEALVNEGSL	522.7853	991.7	2	303.38	42.71
FIEHVWTL	522.7933	1659.3	2	984.45	71.06
EDVSFVTEVTVGKGT	523.2424	899.11	3	7862.54	38.68
SEAVIWEVL	523.2851	2067.3	2	1809.89	83.41
LMISRTPEV	523.2924	776.15	2	13427.92	33.61
VLFGLLREV	523.3265	1793.3	2	465.86	75.98
MVQVVVGDSL	523.7766	967.11	2	427.01	41.58
GLNDFIQKI	524.2978	1294.4	2	1248.09	55.91
TEVDEAGSQL	524.7434	445.11	2	4049.93	18.91
DSYPRNPTV	524.7568	499.14	2	1381.48	21.11
GEEGDLKTSL	524.7618	483.11	2	2268.01	20.53
YLHEASDTL	524.7663	609.12	2	900.34	26.21
IELQSQLSM	524.7762	1004.9	2	568.3	43.33
TEFLIEPSL	524.7802	1659.4	2	185.4	70.85
SVQGIIIYR	524.814	865.11	2	5029.49	37.06
SEKVTMQNL	525.2689	552.14	2	5380.13	23.57
MALVKDMEL	525.2749	1130.5	2	1168.81	49.24
AELTKVFEI	525.2994	1318.6	2	313.34	56.93
AGNYAWVNR	525.7609	672.12	2	6839.66	28.85
GEEEFAGAKL	525.7621	750.11	2	1159.35	32.25
SEATDVKSTL	525.7681	340.12	2	978.01	14.19
FLNKEITSV	525.7995	748.12	2	565.41	32.07
SEISQVFEI	526.2713	1565.4	2	333.7	66.75
GLYEGLTWL	526.2808	2302.2	2	3857.51	89.11
DAYTVLTRI	526.2958	1183.9	2	3839.17	50.92
AEAVQKFFL	526.7938	1336.4	2	453.24	57.75
DAEMTTRMV	527.2414	576.1	2	26548.2	24.72
GEEIFGTIGM	527.2553	1540.4	2	277.84	65.78
TETVVTEYL	527.7712	1143.6	2	1365.39	49.42
ALQEMVHQV	527.7715	631.12	2	1747.24	26.96
DPFIIIHSI	527.8032	1610.5	2	1010.01	69.05
SEFSGDVDSL	528.234	909.11	2	2543.69	39.3
SEDTAVQHGL	528.7524	325.5	2	342.05	13.53
AEIGAAAQQSL	529.7776	565.14	2	614.57	24.32
DAYDGKDYI	530.2372	681.12	2	2433.27	29.29
GEWSGGPGLSL	530.2448	1360.6	2	426.73	58.61
STKGPSVFPLAPSSKS	530.6279	900.1	3	3403.57	38.77
TEVGITNVDL	530.783	1020.4	2	5043.49	44.2
EFKRPRDI	530.783	1019.7	2	5043.49	44.2
TEVTVVGDKL	530.801	655.14	2	2873.6	28.11
VLMTEDIKL	531.3013	1156.8	2	1240.81	49.93
TLLDSTWNL	531.7809	1699.5	2	2313.21	72.5
FEDAAEIRL	532.2777	1018.6	2	447.99	44.02
VICLCSTIVL	532.2961	739.16	2	1507.8	31.76
FADQEVRSL	532.7762	652.13	2	2160.58	27.97
SEEGITKSTL	532.7784	378.11	2	2613.1	15.94
TYSLGSALRP	532.793	953.14	2	1393.46	41.36
NIIELVHQV	532.813	1108.8	2	1141.63	47.69
VEDDFSNQL	533.7416	804.15	2	2990.98	34.66
GEDLGADYNL	533.7422	901.17	2	413.95	38.77
YEENAKAEL	533.7589	390.9	2	526.78	16.29
SSQQFSGIGR	533.7671	410.14	2	1752.52	17.28
YEVVDKDSI	534.2674	584.12	2	2035.68	24.98
GIAYEFRVI	534.3016	1494.3	2	241.23	63.98
SEFYEPNAL	535.248	1154.9	2	346.85	49.89
YEFIQGEAL	535.2675	1313.5	2	205.69	56.63
GEQIEIIRI	535.8162	1162.5	2	449.09	50.19
DAQIELLRI	535.8162	1162.5	2	449.09	50.19
ILDQKINEV	536.3074	616.12	2	1917.15	26.52
IEVENKEVL	536.7993	625.13	2	6097.05	26.7
QVQQILTSR	536.8096	418.14	2	515.68	17.55
NEIGESEPSL	537.7531	715.14	2	778.42	30.75
GENADSQIKL	537.7759	488.14	2	3778.04	20.75
TEAQANQISL	537.7764	593.16	2	1150.15	25.29
SLPLPNFSSL	537.7986	1871.2	2	2614.47	78.61
ILWETVPSM	538.2817	1773.3	2	6201.66	74.82
GESEDLASRL	538.767	636.13	2	807.54	27.18
NAYVNINRI	538.7734	781.11	2	214.58	33.83
SEVQDRVML	538.7752	687.15	2	9162	29.6
FVIETARQL	538.8116	912.9	2	2863.03	39.03
VLLESEQFL	539.2971	1490.6	2	732.06	63.98
DALQYLQKV	539.306	1103.5	2	823.57	47.69
AIIDGKIFCV	539.8026	1501.5	2	612.1	64.07
FVPQFISQL	539.8034	1789.3	2	1116.16	76.02
LEFEGGEVSL	540.2711	1358.5	2	1978.41	58.65
LEEDGKLYL	540.2876	842.13	2	1440.24	36.14
IEEDGKLYL	540.2876	842.13	2	1440.24	36.14
SLADAINTEF	540.7679	1245.1	2	1231.39	53.85
AEQKVEYTL	540.7831	629.12	2	2866.19	26.74
DAYVLPKLY	541.3024	1408.7	2	6610.28	60.4
DAENAMRYI	541.7545	929.14	2	22800.87	40.13
SDAYQTREI	541.7593	406.6	2	1164.93	17.15
AEFKEAFQL	541.7814	1259.5	2	9138.34	54.45
FESQSEDEL	542.2291	571.13	2	624.27	24.37
DAAYEFRVI	542.28	1277.6	2	5211.4	55.22
YLADIFTKL	542.3123	1768.5	2	544.73	75.16
DAYDNFDNI	543.7272	1102.4	2	683.07	47.43
GTSQLYVYR	543.7855	648.14	2	1449.48	27.71
NEFPEPIKL	543.7982	1295.8	2	13334.46	55.47
AESGVERQVL	544.2916	448.15	2	1240.43	18.91
GRDSKALVEL	544.2916	456.13	2	1240.43	18.91
DPFAFIHKI	544.3041	1529.5	2	929.36	65.69
VELQAKADTL	544.3042	553.16	2	1008.57	23.53
AEITDAEGLGL	544.7817	1068.11	2	357.45	46.18
GEIIMGNIEL	544.79	1596.3	2	882.27	68.41
HEFEEATNL	545.2473	617.11	2	495.81	26.39
GEAIETTQQL	545.2761	566.16	2	351.96	24.1
AEDNIREML	545.765	829.14	2	1096.98	35.71
SLAETDKITL	545.8077	806.13	2	527.89	34.58
ALALIYNEAL	545.8159	1564.2	2	1052.85	66.84
FAYDGKDYL	546.2596	1141.6	2	7880.84	49.33
FAYDGKDYI	546.2596	1141.6	2	7880.84	49.33
LEDKGTSTEL	546.7753	305.1	2	1855.51	12.7
AQYEEIANR	547.2679	347.13	2	1354.14	14.53
TYYGSFVTR	547.2724	818.14	2	43814.45	35.36
FLFNKVVNL	547.3276	1651.7	2	1049.64	70.54
GEIEGLNDTF	547.7589	1131.5	2	1017.19	48.86
SLFEEMLQV	548.2766	2228.3	2	472.95	87.26
PVCPPGGIQEV	548.2825	926.13	2	909.88	39.52
SLPDFGISYV	549.2828	1796.5	2	1215.31	76.32
SLYDYNPNL	549.7632	1135.1	2	4508.86	49.2
ETATSSLCSVT	549.7704	523.16	2	1573.1	22.25
LEQQNKILL	549.8326	717.14	2	19900.81	30.7
TESYPDSSTL	550.2443	631.14	2	3379.75	27.05
AGHGNISTETI	550.2443	630.12	2	3379.75	27.05
AEYQDLTFL	550.2718	1631.5	2	2021.05	69.86
AEILQANDLL	550.3055	1289.8	2	226.18	55.6
SLYASSPGGVY	550.7719	933.13	2	1275	40.35
FAMDVYKNL	550.78	1321.1	2	350.31	56.93
ALQEKLWNV	550.8118	1178.7	2	313.82	50.84
GEDPNKAEEL	551.2555	320.8	2	745.9	13.35
AEMAQNAVRL	551.7892	626.12	2	1043.64	26.83
AEIEAIQESL	551.791	1005.12	2	736.93	43.29
QPYYLVHAL	552.2833	511.1	2	208.24	21.55
SEIEQAVQSL	552.2861	1014.7	2	739.9	43.85
TEWEKVAQL	552.2935	1048.8	2	1308.66	45.28
VCGAQLVDSLV	552.2935	1055.5	2	1308.66	45.28
GESDDSILRL	552.7849	952.15	2	33641.57	40.61
YEILNNPEL	552.7849	1215.12	2	3937.21	52.64
GEPEVQYVAL	552.7873	1129.8	2	1775.52	48.3
GLDVDGIYRV	553.7997	1125.5	2	886.93	48.51
YEGSPIKVTL	553.8117	1010.9	2	3536.45	43.5
ASTKGPSVFPLAPSSKS	554.3065	914.13	3	6639.55	39.38
NVWGDPPPEV	555.27	1197.6	2	5979.68	51.31
TESEEFEKL	556.2658	707.15	2	785.19	30.35
VEESGEHVIL	556.2866	634.16	2	4289.23	27.18
GLVDEKALAQA	557.8124	654.16	2	922.86	28.02
SLFEGTWYL	558.2794	2514.2	2	4360.97	92.21
YLWTDVYSA	559.268	1703.4	2	1082.85	72.62
SEIEYYAML	559.7614	1650.4	2	588.95	70.59
GEVVDQGSTNL	559.7717	470.13	2	788.84	19.92
IEAQTMEALL	559.7967	1418.4	2	821.57	61.17
SEIDTNQNSL	560.7601	421.12	2	999.95	17.77
YACEVTHQGL	560.7627	666.17	2	21324.24	28.02
YAYLLPSMY	560.7771	1897.3	2	310.52	79.64
GLDIDGIYRV	560.8077	1289.1	2	376.65	55.65
YEQLLDVKI	560.8184	1347.8	2	753.2	58.14
YEQLLDVKL	560.8184	1347.8	2	753.2	58.14
TLWVDPYEV	561.2822	1823.3	2	19694.6	76.96
FEDPAVGQFL	561.7802	1645.5	2	1148.81	69.86
YEEILNTKL	561.8093	992.11	2	3316.6	42.89
VEDMAELTCL	562.259	1505.6	2	242.2	64.41
LESMIQEQF	562.7712	1243.5	2	495.83	53.42
FSEEMNRVL	562.777	900.13	2	676.36	38.73
GLYSLSSVVTV	562.8179	1553.2	2	1142.2	66.41
YLDLFGDPSV	563.2806	1803.3	2	192.96	76.4
MESDFEQKL	563.7618	763.18	2	617.1	32.82
GEVDVEQHTL	563.7725	515.13	2	5340.45	21.95
FTWEGLYNV	564.7755	2086.2	2	410.82	83.73
SEIKVPDVEL	564.8094	1176.9	2	4067.42	50.58
VEDIHGLFSL	565.3013	1609.5	2	2072.04	68.93
AELEIQKDAL	565.3113	764.11	2	528.53	32.86
IEVDGKQVEL	565.3132	1022.4	2	27528.3	43.68
ALFEGVVRQI	566.334	1277.7	2	329.73	55.05
AEERAEVSEL	566.7802	467.12	2	704.38	19.7
PCFPLVICQL	566.7802	463.13	2	704.38	19.7
LEGEESRISL	566.7986	697.15	2	2812.54	30
MEAPAQLLFL	566.8111	2360.3	2	6548	90.42
GEDEDGGWRL	567.2505	924.13	2	415.14	39.87
GLLVGSEKVTM	567.3188	954.14	2	2906.23	41.31
GEDKTSAQVSL	567.787	355.8	2	3746.08	14.93
IEQQYQNVL	567.7983	814.2	2	589.01	34.93
GEDQTQDTEL	568.2413	325.7	2	5424.29	13.31
SQNIYIQNR	568.2985	382.13	2	321.81	15.98
ETEAFVEEPS	569.2504	463.14	2	296.4	19.61
PFVDSLLSFL	569.3097	1528.8	2	384.79	65.48
SEFKGDLETL	569.79	904.17	2	13614.05	39.16
TSWESWETL	569.79	920.14	2	13614.05	39.16
LAFRDSWVF	570.7998	2417.3	2	296.6	91
DPYEVSYRI	571.2836	1052.14	2	17190.3	45.66
EVEPETIPEV	571.2863	1088.9	2	1411.82	46.7
YLEEFITNI	571.2958	1737.5	2	918.66	73.99
YEEQAFQDL	571.7628	1102.5	2	1203.18	47.65
SEPMEFQYL	572.2591	1613.3	2	230.64	68.93
IEDLSQQAQL	572.8001	746.15	2	3832.43	32.12
NEIEDVWQL	573.2805	1774.3	2	427.13	75.29
FLFDGSPTYV	573.2828	1750.4	2	174.7	74.26
SEDWIFHVL	573.2908	2280.3	2	290.41	88.36
FAYGQNKTAF	573.7864	817.11	2	677.71	35.15
NAYEYFTKI	574.7891	1357.7	2	1516.11	58.61
FLMDFIHQV	575.2962	1836.4	2	800.27	77.69
SGGLIFPPSYI	575.7946	890.13	2	366.66	38.29
LEKLMFEEL	576.3128	1622.6	2	813.22	68.84
RAFCVTLAVSS	577.2856	865.13	2	212.53	37.19
YEMEVSQRL	577.7831	817.13	2	1376.64	35.19
AEVEVSIPAKL	578.2859	1024.8	2	216.23	44.24
TLFDYEVRL	578.3083	1652.5	2	777.96	70.71
VEEPSREVVL	578.8163	730.17	2	1316.83	31.37
TEDITRYFL	579.2988	1549.7	2	502.59	66.33
IEAQINNEDL	579.7877	707.17	2	350.83	30.31
VEEAVATRTAL	580.3169	521.14	2	713.54	22.12
GEADGGEKVWL	580.7866	964.8	2	387.48	41.62
GEEALLRYVL	581.831	1684.6	2	772.4	71.89
SEEENSKVEL	582.277	358.13	2	821.74	15.02
TEDAYTVQQL	584.2839	816.18	2	413.42	35.06
YETELNLRM	584.7914	1083.5	2	1650.54	46.87
DLQWEHEVL	584.7914	1093.7	2	1650.54	46.87
QEQSYFVRL	585.3052	1146.6	2	187.09	49.33
GDHSEWLIDV	585.754	1207.13	2	1714.58	52.34
MTRNAMAYNV	585.754	1223.1	2	1714.58	52.34
SLYASSPGGVYA	586.2899	929.16	2	2280.23	40.22
SEAANRNNDAL	587.7774	160.6	2	1059.13	5.99
ESNEQRQNGL	587.7775	114.1	2	453.01	4.7
ASTKGPSVFPLAPSSKST	587.9898	933.14	3	1055.11	40
AEEGKTLWEL	588.3036	1333.5	2	575.72	57.49
VEDPTFLNQL	588.3054	1460.5	2	1565.72	62.75
SELVQSGKSEI	588.8109	444.13	2	522.6	18.69
GLLTGNEKITM	588.822	1012.7	2	370.99	43.72
SYVTTSTRTY	589.788	476.15	2	464.25	20.14
TEMETLQSQL	590.2864	974.9	2	883.99	42.1
AEVKAQYEEI	590.3002	621.14	2	2321.74	26.52
LTEGVDDFGEV	590.7581	1313.7	2	217.59	56.59
SIQGQHTISPL	590.8223	678.14	2	772.03	29.07
DAYVLPKLYV	590.839	1632.5	2	777.79	69.86
LTVFMMVMVI	592.2844	441.15	2	526.36	18.65
GEDEGYFQEL	593.7521	1273.4	2	278.91	54.87
GEIQEIVKTGL	593.8411	1046.1	2	586.2	45.23
DMYEQFQNI	594.2592	1354.7	2	2362.01	58.48
TENNIVKEEL	594.8118	614.14	2	545.18	26.26
TEVDMKEVEL	596.7957	926.16	2	2040.23	40
TEAVEDLTTTL	596.8056	1036.1	2	1091.5	44.8
FAYDGKDYLT	596.8356	1049.5	2	406.63	45.28
ALGFYPAEITL	597.8286	2203.4	2	373.31	86.67
VEDDNYKLSL	598.2991	905.16	2	186.64	38.95
TELQGMNEYL	599.2806	1274.6	2	516.7	55
YVYEYLLHV	599.8161	1742.7	2	441.4	74.12
QEFDINGEHL	601.2819	972.12	2	1607.05	42.06
GEWEESEVKL	603.2916	1074.12	2	5544.52	45.97
VLFEKEVNEV	603.3286	960.13	2	387.47	41.36
REDPGTGMGSSL	603.7768	552.18	2	333.87	23.44
SRSGGGGGGGLGSGGSIRSSY	604.9594	540.15	3	839.68	22.91
AEDGSVIDYEL	605.7814	1189.7	2	403.88	51.31
LLLDVPTAAVQA	605.8582	1369.5	2	2303.43	59.12
NEFYLDQVAL	606.3063	1705.7	2	719.35	72.67
PEVKFNWYVDGVEVH	606.6392	1738.4	3	361.43	73.87
PEVQFNWYVDGVEVH	606.6392	1738.4	3	361.43	73.87
YLLEQDFPGM	606.7878	1811.3	2	494.79	76.83
TLLQEQGTKTV	609.3417	507.15	2	1356.01	21.55
GEDSAVLMERL	610.3082	1090.8	2	557.93	47.09
GEDNGQRGYLL	611.2997	731.17	2	652.04	31.37
LLYQEGAKMAV	611.8339	976.12	2	1566.64	42.23
AEFKEAFQLF	615.3173	1899.2	2	944.45	79.68
IEELQSQAQAL	615.3261	773.15	2	523.52	33.21
GEADEAELQRL	615.8042	727.13	2	477.27	31.23
SMVEDITGLRL	617.333	1601.5	2	251.86	68.45
YEAQDPEIASL	618.2971	1027.7	2	388.01	44.41
SVLTTGYLLNR	618.8558	1086.8	2	5352.31	47.05
SEDTSSLFDKL	621.303	1203.12	2	278.56	51.95
ILLPDAMNIEL	621.3494	2242.3	2	1654.95	87.77
DALDVANKIGII	621.363	1430.4	2	464.56	61.52
DAFRQPSLFY	622.3131	1529.8	2	1271.04	65.56
GEYEEYITKL	622.8113	1224.11	2	202.81	52.77
GEIEENSASNSL	625.2817	487.15	2	613.23	20.62
TYSLGSALRPST	626.8325	873.14	2	891.41	37.63
QEDEVMRAYL	627.2999	1075.7	2	2183.15	46.57
ATMVPSVLWPR	628.848	1621.3	2	428.68	69.18
AEMREQYEAM	629.2687	636.15	2	589.16	27.18
SLSFMEARDAM	629.2687	637.14	2	589.16	27.18
TEMLPSILNQL	629.8423	1982.5	2	739.88	81.41
LEMNSDLKAQL	631.3301	959.11	2	237.52	41.31
QEMIGSVEEQL	631.8048	1078.7	2	1184.98	46.66
RETVSEESNVL	631.8162	525.16	2	2235.68	22.38
SEFDIEREQL	633.3076	1048.1	2	677.28	45.28
PFIFEEEPIF	634.3538	1544.6	2	830.71	66.2
YLLAERDLYL	634.8525	1608.6	2	170.01	68.71
SLLEEPNVIRV	634.8681	1268.7	2	1477.6	54.83
SEATQQQHEVL	635.3072	347.14	2	1005.46	14.54
SLYASSPGGVYAT	636.8127	917.15	2	1064.9	39.6
SEYLRYEDTL	644.8114	1053.14	2	388.95	45.36
YAYDGKDYIAL	646.3183	1274.7	2	18150	55.17
YAYDGKDYLAL	646.3183	1274.7	2	18150	55.17
IEVQDTSGGTTAL	646.3255	669.21	2	760.41	28.63
FAYDGKDYLTL	653.3275	1566.8	2	4436.88	67.18
AENRLTEMETL	653.8245	984.16	2	734.71	42.54
FLFDEEMEQM	659.7748	1964.5	2	149.98	80.94
TEDPNQLTVNSL	665.8329	929.17	2	412.86	40
REITFENGEEL	668.828	972.14	2	409.12	41.97
KEFDPTITDASL	668.8409	1102.6	2	1299.73	47.65
TEIDEKEYISL	670.3411	1093.8	2	1402.77	47.35
TYSLGSALRPSTS	670.3503	855.11	2	874.39	36.93
ALMDEINFMKM	671.8175	2091.2	2	262.01	83.81
SGEGDFLAEGGGVR	675.8251	821.18	2	573.1	35.32
STVEKTVAPTECS	676.3257	405.12	2	199.44	16.94
SAQGSDVSLTACKV	683.3418	752.16	2	506.78	32.29
TEQDSKDSTYSL	687.3087	451.12	2	5.49E+03	19.22
ARLTEEETVCLD	689.8633	959.12	2	1178.01	41.49
SMFEQTQIQEF	694.3195	1511.4	2	825.2	64.75
AEFDPEEDEPTL	696.3033	1273.6	2	158.9	54.96
IEFTEGEDKITL	697.8607	1353.7	2	319.24	58.31
