VAKVEPAV	406.7477	286.2	2	5095.17	11.59
SAAFPGASL	410.7157	923.2	2	12981.83	39.69
STYGGGLSV	420.7115	656.6	2	21423.94	27.84
AATAVTQAL	423.2409	477.5	2	899.51	20.14
DAILATLM	424.2354	1374.2	2	2308.34	59.42
LLGPPPVGV	424.7672	1054.2	2	933.35	45.41
SVKEISDIVQR	425.243	589.5	3	2503.8	24.9
GEFGGFGSV	428.6969	1149.2	2	3462.88	49.67
IEVDPDTKEML	430.5519	954.4	3	2292	40.92
DALVLAKM	430.7498	823.5	2	10902.14	35.49
VTVPPGPSL	433.756	866.4	2	17503.95	37.02
EAPTAPAPL	433.756	854.5	2	17503.95	37.02
DAHLGSSSV	436.7089	191.3	2	919.2	7.76
DASPSPLSV	436.7236	681.4	2	1019.05	29.25
SVPLAATSM	438.7305	715.6	2	7702.54	30.18
AVANIVNSV	443.7562	653.6	2	812.4	27.89
SAPVAAEPF	444.7335	815.3	2	1579.3	34.88
AESLVAEGL	444.7335	809.8	2	1579.3	34.88
DAAYLNKV	447.2408	461.6	2	35826.35	19.39
SAAMVFSAL	448.7335	1419.2	2	2642.11	60.78
